AUTOBAR1	0.192	0.046	0.280	0.026	0.009	0.011	0.000
AUTOBAR2	0.223	-50.868	113.432	0.025	0.009	0.010	0.000
AUTOBAR3	0.009	-0.091	178.171	0.025	0.009	0.010	0.000
AUTOBAR4	0.217	50.820	113.269	0.025	0.009	0.010	0.000
AUTOBAR5	12.256	-0.022	57.266	0.025	0.009	0.011	0.000
AUTOBAR6	-0.198	0.116	128.132	0.080	0.021	0.024	0.000
CODE1	-165.653	-1634.995	2212.019	0.051	0.029	0.028	0.000
CODE2	-175.147	-1656.990	1604.993	0.045	0.025	0.019	0.000
CODE3	-180.159	-1678.903	1009.625	0.045	0.025	0.014	0.000
CODE4	-188.033	-1711.119	403.161	0.045	0.025	0.013	0.000
CODE5	-198.721	-1749.657	-198.503	0.045	0.025	0.016	0.000
CODE6	-164.783	-1031.038	2179.956	0.032	0.013	0.018	0.000
CODE7	-163.449	-419.484	2159.719	0.032	0.011	0.018	0.000
CODE8	-163.177	167.777	2141.861	0.031	0.011	0.018	0.000
CODE9	-161.275	760.070	2126.502	0.033	0.013	0.019	0.000
CODE10	-158.777	1359.246	2104.222	0.033	0.016	0.019	0.000
CODE11	-156.098	1967.157	2078.272	0.044	0.031	0.024	0.000
CODE12	-172.039	-1039.857	1578.035	0.031	0.012	0.013	0.000
CODE13	-178.158	-1073.552	988.344	0.031	0.013	0.010	0.000
CODE14	-189.112	-1098.488	386.026	0.031	0.012	0.009	0.000
CODE15	-197.838	-1125.784	-224.005	0.030	0.012	0.012	0.000
CODE16	-171.653	-452.743	1557.360	0.029	0.010	0.012	0.000
CODE17	-177.666	-479.723	962.876	0.029	0.010	0.009	0.000
CODE18	-188.575	-495.709	347.686	0.028	0.010	0.010	0.000
CODE19	-198.455	-539.219	-259.546	0.028	0.010	0.012	0.000
CODE20	-171.265	131.931	1534.651	0.029	0.010	0.013	0.000
CODE21	-179.804	123.601	920.629	0.029	0.010	0.009	0.000
CODE22	-188.185	104.908	320.563	0.028	0.010	0.010	0.000
CODE23	-197.582	82.023	-290.707	0.056	0.017	0.018	0.000
CODE24	-168.685	736.988	1531.554	0.029	0.011	0.012	0.000
CODE25	-176.067	728.048	896.781	0.029	0.012	0.010	0.000
CODE26	-185.313	695.509	298.487	0.029	0.011	0.010	0.000
CODE27	-194.721	664.975	-321.921	0.028	0.010	0.012	0.000
CODE28	-167.102	1320.741	1517.693	0.031	0.014	0.013	0.000
CODE29	-174.499	1303.832	879.900	0.030	0.014	0.010	0.000
CODE30	-183.525	1301.416	273.290	0.030	0.014	0.010	0.000
CODE31	-193.161	1288.697	-350.634	0.031	0.014	0.013	0.000
CODE32	-164.970	1934.606	1490.428	0.039	0.025	0.016	0.000
CODE33	-171.748	1914.103	860.641	0.039	0.024	0.012	0.000
CODE34	-182.083	1897.768	255.706	0.039	0.024	0.013	0.000
CODE35	-191.330	1879.901	-379.012	0.041	0.027	0.017	0.000
TARGET1	-180.102	-885.563	769.192	0.029	0.011	0.009	0.000
TARGET2	-185.122	309.571	513.440	0.029	0.010	0.009	0.000
TARGET3	-183.593	1499.961	263.772	0.031	0.015	0.010	0.000
TARGET4	-180.435	-1079.504	779.967	0.031	0.013	0.009	0.000
TARGET5	-185.709	112.120	523.309	0.028	0.010	0.009	0.000
TARGET6	-184.407	1107.278	284.504	0.029	0.013	0.010	0.000
TARGET7	-182.236	-1267.208	786.009	0.033	0.014	0.010	0.000
TARGET8	-185.805	-94.514	530.621	0.028	0.010	0.009	0.000
TARGET9	-184.061	902.638	295.149	0.029	0.012	0.010	0.000
TARGET10	-181.799	-1465.799	796.872	0.038	0.018	0.011	0.000
TARGET11	-185.240	-293.428	538.779	0.028	0.010	0.009	0.000
TARGET12	-183.165	-1683.792	805.954	0.042	0.021	0.012	0.000
TARGET13	-184.083	-492.918	546.050	0.029	0.010	0.009	0.000
TARGET14	-186.662	506.405	305.971	0.029	0.010	0.010	0.000
TARGET15	-184.293	-692.476	555.175	0.029	0.011	0.009	0.000
TARGET16	-188.496	302.671	316.394	0.028	0.010	0.010	0.000
TARGET17	-186.075	1301.545	79.729	0.030	0.014	0.010	0.000
TARGET18	-184.214	-896.287	569.758	0.029	0.011	0.009	0.000
TARGET19	-185.250	-1094.944	589.919	0.031	0.013	0.009	0.000
TARGET20	-187.454	1107.370	86.328	0.029	0.012	0.010	0.000
TARGET21	-189.104	-95.574	334.955	0.028	0.010	0.010	0.000
TARGET22	-186.010	-1279.165	597.569	0.033	0.014	0.010	0.000
TARGET23	-187.153	901.233	90.245	0.029	0.012	0.010	0.000
TARGET24	-188.729	-303.028	345.939	0.028	0.010	0.010	0.000
TARGET25	-188.114	686.258	101.617	0.029	0.011	0.010	0.000
TARGET26	-185.713	-1472.808	601.788	0.038	0.018	0.011	0.000
TARGET27	-188.462	502.613	105.962	0.028	0.010	0.010	0.000
TARGET28	-185.635	-1695.054	607.760	0.042	0.021	0.012	0.000
TARGET29	-187.876	-696.326	357.837	0.029	0.010	0.009	0.000
TARGET30	-190.439	296.293	114.978	0.028	0.010	0.011	0.000
TARGET31	-189.668	1299.150	-136.388	0.030	0.013	0.011	0.000
TARGET32	-187.832	-900.380	370.677	0.029	0.011	0.009	0.000
TARGET33	-190.254	1105.356	-129.571	0.029	0.012	0.011	0.000
TARGET34	-190.590	895.558	-121.453	0.029	0.011	0.011	0.000
TARGET35	-189.174	-1284.749	394.835	0.033	0.014	0.010	0.000
TARGET36	-191.968	-317.794	141.992	0.028	0.010	0.010	0.000
TARGET37	-191.966	673.850	-107.582	0.028	0.011	0.011	0.000
TARGET38	-192.335	498.943	-93.985	0.030	0.010	0.011	0.000
TARGET39	-188.972	-1479.798	398.004	0.037	0.018	0.011	0.000
TARGET40	-192.196	-513.946	146.662	0.028	0.010	0.010	0.000
TARGET41	-192.205	-705.493	156.544	0.028	0.010	0.010	0.000
TARGET42	-192.723	1100.440	-331.628	0.029	0.012	0.012	0.000
TARGET43	-191.742	-917.995	171.883	0.029	0.011	0.010	0.000
TARGET44	-193.653	889.253	-331.250	0.029	0.011	0.012	0.000
TARGET45	-191.829	-1104.897	185.571	0.031	0.012	0.010	0.000
TARGET46	-192.128	-1293.334	193.184	0.033	0.014	0.010	0.000
TARGET47	-195.285	494.345	-306.896	0.031	0.010	0.012	0.000
TARGET48	-195.190	-524.665	-52.211	0.028	0.010	0.011	0.000
TARGET49	-191.357	-1485.832	200.187	0.037	0.018	0.012	0.000
TARGET50	-194.305	1295.562	-561.647	0.033	0.016	0.015	0.000
TARGET51	-195.266	-719.005	-45.502	0.028	0.010	0.011	0.000
TARGET52	-195.594	1101.556	-553.420	0.032	0.014	0.014	0.000
TARGET53	-191.447	-1716.799	207.580	0.045	0.025	0.014	0.000
TARGET54	-195.364	-923.846	-28.955	0.029	0.011	0.010	0.000
TARGET55	-195.281	885.003	-534.235	0.031	0.013	0.014	0.000
TARGET56	-197.636	-105.631	-280.863	0.045	0.015	0.017	0.000
TARGET57	-194.768	-1109.341	-8.720	0.030	0.012	0.011	0.000
TARGET58	-196.359	653.265	-520.954	0.030	0.011	0.014	0.000
TARGET59	-198.303	-342.399	-273.540	0.035	0.010	0.014	0.000
TARGET60	-197.022	483.961	-510.839	0.030	0.011	0.014	0.000
TARGET61	-195.739	-1307.483	-6.085	0.033	0.014	0.011	0.000
TARGET62	-198.444	282.723	-498.724	0.030	0.011	0.014	0.000
TARGET63	-194.515	-1501.236	-6.272	0.040	0.020	0.013	0.000
TARGET64	-199.707	78.281	-487.245	0.029	0.009	0.013	0.000
TARGET65	-198.793	-728.308	-251.853	0.028	0.010	0.011	0.000
TARGET66	-194.566	-1727.669	7.042	0.045	0.025	0.015	0.000
TARGET67	-200.127	-106.444	-479.716	0.032	0.010	0.014	0.000
TARGET68	-198.295	-923.228	-240.926	0.028	0.010	0.011	0.000
TARGET69	-200.535	-354.465	-463.423	0.029	0.010	0.013	0.000
TARGET70	-198.461	-1318.654	-209.947	0.032	0.014	0.012	0.000
TARGET71	-201.030	-550.030	-452.195	0.028	0.010	0.012	0.000
TARGET72	-201.328	-735.466	-440.642	0.028	0.010	0.012	0.000
TARGET73	-198.251	-1518.598	-204.865	0.041	0.022	0.015	0.000
TARGET74	-156.420	1761.248	2088.114	0.039	0.024	0.021	0.000
TARGET75	-157.706	1562.754	2097.119	0.035	0.018	0.019	0.000
TARGET76	-159.265	1162.224	2112.360	0.033	0.015	0.018	0.000
TARGET77	-159.779	1563.353	1916.865	0.034	0.017	0.017	0.000
TARGET78	-161.029	1355.832	1918.665	0.032	0.015	0.016	0.000
TARGET79	-160.841	1153.087	1924.198	0.031	0.013	0.016	0.000
TARGET80	-161.192	963.617	1925.472	0.031	0.013	0.016	0.000
TARGET81	-162.489	765.784	1929.500	0.030	0.012	0.016	0.000
TARGET82	-164.076	564.562	1933.350	0.030	0.011	0.016	0.000
TARGET83	-165.043	360.264	1940.288	0.030	0.011	0.016	0.000
TARGET84	-165.405	167.262	1943.854	0.030	0.010	0.016	0.000
TARGET85	-163.629	1546.079	1702.304	0.031	0.016	0.014	0.000
TARGET86	-163.450	1343.013	1709.038	0.031	0.014	0.014	0.000
TARGET87	-163.883	1142.649	1716.012	0.030	0.013	0.014	0.000
TARGET88	-163.602	952.418	1720.078	0.029	0.012	0.014	0.000
TARGET89	-165.139	756.024	1725.075	0.029	0.011	0.014	0.000
TARGET90	-167.202	554.425	1739.057	0.029	0.011	0.014	0.000
TARGET91	-167.897	354.388	1749.904	0.029	0.010	0.014	0.000
TARGET92	-168.002	160.552	1759.008	0.029	0.010	0.014	0.000
TARGET93	-167.775	-50.319	1766.998	0.029	0.010	0.014	0.000
TARGET94	-168.481	-239.562	1775.371	0.029	0.010	0.014	0.000
TARGET95	-168.453	-438.210	1778.312	0.029	0.010	0.014	0.000
TARGET96	-168.819	-658.611	1779.976	0.029	0.010	0.014	0.000
TARGET97	-169.084	-846.364	1788.062	0.029	0.011	0.014	0.000
TARGET98	-166.919	1545.720	1511.327	0.031	0.015	0.013	0.000
TARGET99	-167.533	1135.669	1522.033	0.030	0.013	0.012	0.000
TARGET100	-167.471	946.571	1526.243	0.029	0.012	0.012	0.000
TARGET101	-170.072	543.361	1535.683	0.029	0.011	0.013	0.000
TARGET102	-170.705	341.289	1543.167	0.029	0.010	0.013	0.000
TARGET103	-171.275	-56.212	1552.846	0.029	0.010	0.013	0.000
TARGET104	-171.055	-252.705	1558.588	0.029	0.010	0.012	0.000
TARGET105	-170.192	1535.308	1318.907	0.031	0.015	0.012	0.000
TARGET106	-170.570	1324.208	1324.321	0.031	0.014	0.012	0.000
TARGET107	-171.351	-666.544	1575.289	0.029	0.010	0.012	0.000
TARGET108	-171.137	1127.982	1327.545	0.030	0.013	0.011	0.000
TARGET109	-171.929	-840.025	1583.564	0.029	0.011	0.012	0.000
TARGET110	-170.705	938.495	1330.095	0.029	0.012	0.011	0.000
TARGET111	-171.974	746.326	1331.888	0.029	0.011	0.011	0.000
TARGET112	-172.708	-1244.077	1586.364	0.033	0.014	0.014	0.000
TARGET113	-172.378	532.879	1335.804	0.029	0.011	0.011	0.000
TARGET114	-173.808	-1436.386	1600.183	0.038	0.018	0.016	0.000
TARGET115	-173.571	340.774	1342.963	0.029	0.010	0.011	0.000
TARGET116	-173.532	140.879	1350.466	0.029	0.010	0.011	0.000
TARGET117	-173.268	-66.373	1356.944	0.029	0.010	0.011	0.000
TARGET118	-174.376	-261.216	1363.421	0.029	0.010	0.011	0.000
TARGET119	-172.822	1524.167	1087.799	0.031	0.015	0.010	0.000
TARGET120	-174.526	-448.451	1368.199	0.029	0.010	0.011	0.000
TARGET121	-173.512	1313.096	1088.305	0.030	0.014	0.010	0.000
TARGET122	-173.337	-664.727	1374.841	0.029	0.010	0.011	0.000
TARGET123	-173.528	1116.453	1094.687	0.030	0.013	0.010	0.000
TARGET124	-173.960	-845.119	1382.297	0.029	0.011	0.011	0.000
TARGET125	-173.782	924.440	1102.848	0.029	0.012	0.010	0.000
TARGET126	-173.944	-1046.434	1392.182	0.030	0.012	0.011	0.000
TARGET127	-174.872	741.457	1105.930	0.029	0.012	0.010	0.000
TARGET128	-175.047	-1246.713	1395.682	0.033	0.014	0.013	0.000
TARGET129	-175.873	525.170	1110.145	0.029	0.011	0.010	0.000
TARGET130	-176.952	-1446.724	1403.639	0.038	0.018	0.014	0.000
TARGET131	-176.394	328.433	1114.758	0.029	0.010	0.010	0.000
TARGET132	-177.378	-1660.334	1411.484	0.041	0.021	0.016	0.000
TARGET133	-176.314	133.933	1123.911	0.029	0.010	0.010	0.000
TARGET134	-173.701	1517.511	874.337	0.031	0.015	0.010	0.000
TARGET135	-176.141	-79.570	1132.886	0.029	0.010	0.010	0.000
TARGET136	-176.617	-265.827	1144.635	0.029	0.010	0.010	0.000
TARGET137	-177.271	-463.733	1153.938	0.029	0.010	0.010	0.000
TARGET138	-174.866	1112.547	885.195	0.030	0.013	0.009	0.000
TARGET139	-176.374	-675.400	1162.999	0.029	0.011	0.010	0.000
TARGET140	-174.502	919.074	892.174	0.029	0.012	0.009	0.000
TARGET141	-176.076	-856.202	1173.124	0.029	0.011	0.010	0.000
TARGET142	-176.125	-1058.313	1189.753	0.031	0.013	0.011	0.000
TARGET143	-178.159	520.996	909.250	0.029	0.011	0.009	0.000
TARGET144	-176.338	-1255.053	1200.928	0.033	0.014	0.012	0.000
TARGET145	-179.287	323.203	914.376	0.029	0.010	0.009	0.000
TARGET146	-177.595	-1451.802	1204.173	0.038	0.018	0.013	0.000
TARGET147	-177.208	1511.939	672.494	0.031	0.015	0.009	0.000
TARGET148	-179.119	-83.076	934.424	0.029	0.010	0.009	0.000
TARGET149	-178.848	1306.756	680.592	0.030	0.014	0.009	0.000
TARGET150	-178.041	-1665.413	1210.988	0.041	0.021	0.014	0.000
TARGET151	-178.684	-275.720	945.412	0.029	0.010	0.009	0.000
TARGET152	-178.091	1109.021	684.127	0.030	0.013	0.009	0.000
TARGET153	-178.382	912.543	691.165	0.029	0.012	0.009	0.000
TARGET154	-177.876	-677.978	978.507	0.029	0.011	0.009	0.000
TARGET155	-178.810	718.931	705.046	0.029	0.012	0.009	0.000
TARGET156	-176.848	-873.141	988.695	0.029	0.011	0.009	0.000
TARGET157	-179.970	515.037	709.183	0.030	0.011	0.009	0.000
TARGET158	-181.816	318.142	712.707	0.029	0.010	0.009	0.000
TARGET159	-178.605	-1257.975	1007.854	0.033	0.014	0.010	0.000
TARGET160	-180.491	1505.856	470.300	0.031	0.015	0.010	0.000
TARGET161	-182.198	120.932	721.601	0.029	0.010	0.009	0.000
TARGET162	-180.899	1305.505	476.569	0.030	0.014	0.009	0.000
TARGET163	-178.791	-1462.469	1010.239	0.038	0.018	0.012	0.000
TARGET164	-182.183	-86.474	731.312	0.029	0.010	0.009	0.000
TARGET165	-180.766	1107.460	482.968	0.029	0.013	0.009	0.000
TARGET166	-181.716	-283.865	742.512	0.029	0.010	0.009	0.000
TARGET167	-181.322	907.119	489.764	0.029	0.012	0.009	0.000
TARGET168	-181.036	-483.387	751.077	0.029	0.010	0.009	0.000
TARGET169	-182.283	707.264	499.098	0.029	0.011	0.009	0.000
TARGET170	-180.752	-688.215	757.655	0.029	0.011	0.009	0.000
TARGET171	-183.317	511.053	506.411	0.029	0.011	0.009	0.000
TARGET172	-186.139	1494.425	72.661	0.032	0.016	0.011	0.000
TARGET173	-189.245	1489.771	-140.151	0.032	0.016	0.012	0.000
TARGET176	-192.404	1482.385	-343.726	0.035	0.018	0.014	0.000
TARGET177	-193.448	1479.049	-580.118	0.038	0.022	0.017	0.000
TARGET178	-197.138	1101.714	-715.886	0.033	0.016	0.017	0.000
TARGET179	-194.436	1298.541	-723.490	0.034	0.017	0.017	0.000
TARGET180	-193.559	1467.363	-733.666	0.037	0.021	0.019	0.000
TARGET181	-159.687	962.330	2119.878	0.033	0.014	0.019	0.000
TARGET182	-162.139	566.021	2132.122	0.032	0.012	0.018	0.000
TARGET183	-163.561	365.116	2135.718	0.031	0.011	0.018	0.000
TARGET184	-163.819	-35.083	2136.698	0.031	0.011	0.018	0.000
TARGET185	-164.045	-231.007	2142.073	0.031	0.011	0.018	0.000
TARGET186	-163.950	-640.356	2155.665	0.031	0.011	0.018	0.000
TARGET187	-164.179	-839.568	2162.904	0.032	0.012	0.018	0.000
TARGET188	-164.794	-1229.513	2171.829	0.036	0.016	0.020	0.000
TARGET189	-165.977	-40.097	1951.643	0.031	0.010	0.016	0.000
TARGET190	-166.197	-236.618	1955.468	0.031	0.010	0.016	0.000
TARGET191	-166.056	-433.130	1963.654	0.031	0.011	0.016	0.000
TARGET192	-166.482	-650.252	1968.121	0.031	0.011	0.016	0.000
TARGET193	-166.313	-837.445	1973.037	0.032	0.012	0.016	0.000
TARGET194	-166.719	-1025.920	1985.748	0.031	0.013	0.016	0.000
TARGET195	-166.006	-1235.475	1994.212	0.036	0.016	0.018	0.000
TARGET196	-168.571	-1035.558	1795.119	0.031	0.013	0.015	0.000
TARGET197	-169.784	-1239.528	1798.194	0.036	0.016	0.016	0.000
TARGET198	-190.804	100.023	123.750	0.040	0.011	0.012	0.000
TARGET199	-191.546	-99.465	133.920	0.037	0.011	0.012	0.000
TARGET200	-194.660	-329.533	-55.390	0.053	0.014	0.016	0.000
TARGET201	-197.560	651.699	-712.797	0.033	0.013	0.017	0.000
TARGET202	-199.026	477.385	-708.292	0.037	0.012	0.018	0.000
TARGET203	-199.472	74.864	-686.035	0.032	0.011	0.016	0.000
TARGET204	-201.242	-111.889	-676.940	0.041	0.013	0.020	0.000
TARGET205	-202.091	-356.889	-664.833	0.037	0.012	0.019	0.000
TARGET206	-202.784	-566.247	-651.028	0.036	0.012	0.018	0.000
TARGET207	-200.786	-943.966	-428.910	0.030	0.011	0.013	0.000
TARGET208	-204.116	-735.662	-643.519	0.035	0.013	0.017	0.000
TARGET209	-202.455	-955.907	-627.744	0.038	0.016	0.018	0.000
TARGET210	-202.768	-1533.694	-601.197	0.073	0.044	0.029	0.000
TARGET211	-202.279	-1328.602	-619.437	0.050	0.025	0.021	0.000
TARGET212	-202.598	-1133.443	-629.847	0.042	0.020	0.019	0.000
TARGET213	-199.111	-1533.248	-403.600	0.047	0.027	0.018	0.000
TARGET214	-199.932	-1325.321	-415.065	0.037	0.018	0.015	0.000
TARGET215	-199.929	-1129.355	-423.274	0.034	0.015	0.014	0.000
TARGET216	-170.786	-1440.047	1806.538	0.041	0.021	0.019	0.000
TARGET217	-167.917	-1434.815	2007.666	0.042	0.021	0.021	0.000
TARGET218	-166.182	-1426.986	2179.531	0.043	0.021	0.024	0.000
TARGET219	-188.852	1685.609	-146.382	0.035	0.019	0.013	0.000
TARGET220	-191.920	1678.144	-356.195	0.037	0.021	0.015	0.000
TARGET221	-158.211	1964.919	1905.182	0.041	0.027	0.021	0.000
TARGET222	-159.555	1758.080	1909.525	0.036	0.021	0.018	0.000
TARGET223	-161.950	1953.114	1686.896	0.039	0.026	0.018	0.000
TARGET224	-164.098	1742.745	1691.954	0.036	0.020	0.016	0.000
TARGET225	-166.157	1735.657	1507.885	0.036	0.020	0.014	0.000
TARGET226	-167.624	1936.564	1302.795	0.038	0.024	0.015	0.000
TARGET227	-169.465	1726.035	1309.729	0.035	0.020	0.013	0.000
TARGET228	-170.319	1924.846	1075.071	0.038	0.023	0.013	0.000
TARGET229	-171.967	1716.249	1081.410	0.035	0.019	0.012	0.000
TARGET230	-168.063	-1639.239	2017.578	0.048	0.025	0.025	0.000
TARGET231	-173.959	1713.707	867.680	0.035	0.019	0.011	0.000
TARGET232	-171.727	-1646.507	1814.963	0.045	0.025	0.021	0.000
TARGET233	-175.621	1914.183	665.676	0.038	0.023	0.012	0.000
TARGET234	-176.275	1711.419	666.875	0.035	0.019	0.011	0.000
TARGET235	-179.407	1908.903	458.971	0.039	0.024	0.012	0.000
TARGET236	-179.621	1704.807	463.206	0.035	0.019	0.011	0.000
TARGET237	-182.696	1704.900	264.726	0.035	0.019	0.011	0.000
TARGET238	-185.843	1902.014	47.776	0.039	0.024	0.013	0.000
TARGET239	-186.188	1693.348	64.298	0.035	0.019	0.012	0.000
TARGET240	-188.523	1895.538	-158.019	0.041	0.027	0.015	0.000
TARGET241	-200.330	278.236	-699.794	0.033	0.012	0.017	0.000
TARGET242	-194.148	1662.581	-744.892	0.043	0.027	0.022	0.000
TARGET243	-194.406	1863.514	-759.007	0.048	0.036	0.026	0.000
TARGET244	-192.876	1662.247	-596.557	0.042	0.027	0.020	0.000
TARGET245	-192.682	1865.430	-607.433	0.048	0.035	0.022	0.000
TARGET246	-199.975	-1757.760	-392.673	0.051	0.032	0.020	0.000
TARGET247	-195.871	285.479	-294.503	0.041	0.012	0.015	0.000
TARGET248	-203.066	-1771.429	-593.290	0.080	0.059	0.033	0.000
TARGET251	-192.587	291.842	-85.213	0.101	0.028	0.025	0.000
